ABW	[9.9, 8.8, 5.7, 5.9, 7.6]
AFG	[9.7, 7.0, 5.4, 5.7, 6.9]
AGO	[10.0, 3.6, 5.0, 5.0, 5.9]
ARE	[9.4, 8.9, 6.4, 7.1, 7.9]
ARG	[7.7, 4.3, 5.0, 7.6, 6.2]
ARM	[7.0, 7.5, 6.4, 8.9, 7.4]
ATG	[9.8, 7.4, 5.3, 5.6, 7.0]
AZE	[9.4, 8.0, 5.3, 6.1, 7.2]
BDI	[10.0, 7.9, 5.0, 5.0, 7.0]
BEL	[6.4, 2.6, 5.0, 8.6, 5.6]
BEN	[9.9, 5.7, 5.0, 5.1, 6.4]
BFA	[10.0, 8.5, 5.0, 5.0, 7.1]
BGD	[9.4, 5.7, 5.0, 5.8, 6.5]
BHR	[7.9, 9.2, 6.9, 8.6, 8.1]
BHS	[9.0, 1.8, 5.0, 6.3, 5.5]
BIH	[8.3, 4.9, 5.0, 7.0, 6.3]
BLR	[9.4, 9.1, 7.4, 7.9, 8.5]
BLZ	[10.0, 5.6, 5.0, 5.1, 6.4]
BMU	[9.9, 9.0, 6.1, 6.2, 7.8]
BOL	[5.7, 3.1, 5.0, 9.0, 5.7]
BRA	[6.7, 7.0, 5.0, 8.4, 6.8]
BRB	[10.0, 8.7, 5.2, 5.2, 7.3]
BRN	[10.0, 9.8, 5.3, 5.3, 7.6]
BTN	[10.0, 8.7, 5.1, 5.1, 7.2]
BWA	[9.7, 0.8, 5.0, 5.4, 5.2]
CAF	[9.4, 3.4, 5.0, 5.8, 5.9]
CAN	[9.8, 8.7, 6.0, 6.2, 7.7]
CHE	[9.8, 8.9, 6.8, 7.1, 8.1]
CHN	[10.0, 9.2, 5.1, 5.1, 7.3]
CIV	[9.8, 7.0, 5.1, 5.3, 6.8]
CMR	[9.9, 8.9, 5.1, 5.2, 7.3]
COL	[7.4, 5.2, 5.0, 7.8, 6.4]
COM	[10.0, 8.7, 5.1, 5.2, 7.2]
CPV	[8.7, 7.0, 5.9, 7.3, 7.2]
CRI	[7.4, 2.5, 5.0, 7.8, 5.7]
CUB	[10.0, 9.1, 5.1, 5.1, 7.3]
CYM	[10.0, 10.0, 6.5, 6.5, 8.2]
CYP	[9.8, 7.8, 5.5, 5.7, 7.2]
CZE	[9.6, 7.0, 5.1, 5.6, 6.8]
DEU	[9.9, 9.3, 5.8, 5.9, 7.8]
DJI	[10.0, 9.8, 7.7, 7.7, 8.8]
DMA	[10.0, 10.0, 5.3, 5.3, 7.6]
DNK	[9.9, 9.1, 5.7, 5.8, 7.6]
DOM	[7.0, 5.2, 5.2, 8.3, 6.4]
DZA	[9.8, 6.7, 5.0, 5.3, 6.7]
ECU	[7.5, 4.2, 5.0, 7.8, 6.1]
EGY	[9.5, 4.1, 5.1, 5.7, 6.1]
ESP	[7.7, 5.9, 5.0, 7.6, 6.6]
EST	[10.0, 9.4, 6.2, 6.3, 8.0]
ETH	[9.9, 4.1, 5.0, 5.1, 6.0]
FIN	[10.0, 9.4, 5.6, 5.7, 7.7]
FJI	[10.0, 6.7, 5.0, 5.0, 6.7]
FRA	[8.9, 4.4, 5.5, 6.8, 6.4]
FRO	[9.2, 8.4, 8.1, 8.6, 8.6]
GAB	[8.9, 6.7, 5.5, 6.8, 7.0]
GBR	[6.2, 0.1, 5.2, 8.8, 5.1]
GEO	[9.9, 8.0, 5.1, 5.1, 7.0]
GHA	[9.9, 8.9, 5.2, 5.4, 7.3]
GIB	[9.8, 9.6, 7.6, 7.7, 8.7]
GIN	[9.9, 8.9, 5.1, 5.2, 7.3]
GMB	[9.9, 1.6, 5.0, 5.2, 5.4]
GNB	[9.4, 4.1, 5.2, 5.9, 6.1]
GNQ	[8.3, 2.7, 5.0, 7.0, 5.8]
GRC	[9.7, 3.1, 5.0, 5.3, 5.8]
GRD	[10.0, 9.6, 5.1, 5.2, 7.5]
GRL	[10.0, 9.3, 5.2, 5.2, 7.4]
GTM	[9.3, 7.3, 6.1, 6.9, 7.4]
GUM	[9.3, 6.6, 5.4, 6.3, 6.9]
GUY	[9.7, 4.6, 5.0, 5.3, 6.2]
HND	[6.4, 1.3, 5.0, 8.6, 5.3]
HRV	[9.8, 8.2, 5.2, 5.4, 7.1]
HTI	[9.7, 6.0, 5.3, 5.6, 6.7]
HUN	[9.9, 7.5, 5.2, 5.3, 7.0]
IDN	[9.9, 6.0, 5.0, 5.2, 6.5]
IND	[9.6, 6.4, 5.0, 5.5, 6.6]
IRL	[9.8, 9.0, 8.1, 8.2, 8.8]
IRN	[9.7, 8.7, 5.1, 5.5, 7.3]
IRQ	[9.2, 7.1, 5.0, 6.0, 6.8]
ISL	[9.9, 9.7, 8.2, 8.3, 9.0]
ISR	[7.1, 6.2, 6.2, 8.8, 7.1]
ITA	[9.8, 8.1, 6.9, 7.1, 8.0]
JAM	[10.0, 8.4, 5.1, 5.2, 7.2]
JOR	[10.0, 9.0, 5.0, 5.0, 7.3]
JPN	[9.9, 6.9, 5.0, 5.1, 6.7]
KAZ	[8.4, 6.7, 5.1, 6.9, 6.8]
KEN	[9.8, 4.1, 5.0, 5.3, 6.0]
KGZ	[8.5, 6.9, 5.7, 7.4, 7.1]
KHM	[10.0, 7.0, 5.0, 5.0, 6.8]
KNA	[10.0, 8.8, 5.3, 5.4, 7.4]
KOR	[10.0, 9.2, 5.2, 5.2, 7.4]
KWT	[7.9, 8.6, 7.0, 8.7, 8.1]
LAO	[10.0, 9.5, 5.0, 5.0, 7.4]
LBN	[9.6, 4.0, 5.0, 5.5, 6.0]
LBR	[9.9, 5.6, 5.0, 5.1, 6.4]
LBY	[9.6, 1.8, 5.0, 5.5, 5.5]
LCA	[10.0, 8.8, 5.1, 5.1, 7.2]
LIE	[9.9, 9.7, 7.3, 7.3, 8.5]
LKA	[10.0, 8.3, 5.0, 5.1, 7.1]
LSO	[9.8, 2.4, 5.0, 5.3, 5.6]
LTU	[9.9, 8.0, 5.3, 5.5, 7.2]
LUX	[7.6, 7.6, 7.6, 9.1, 8.0]
LVA	[9.9, 8.5, 5.3, 5.4, 7.3]
MAR	[9.8, 7.4, 5.0, 5.2, 6.9]
MCO	[9.7, 8.8, 7.3, 7.5, 8.3]
MDA	[7.6, 7.0, 5.1, 7.8, 6.9]
MDG	[9.9, 6.9, 5.0, 5.2, 6.8]
MDV	[7.8, 6.9, 5.6, 8.0, 7.1]
MEX	[9.2, 6.5, 5.0, 6.0, 6.7]
MKD	[8.0, 5.7, 5.0, 7.3, 6.5]
MLI	[10.0, 7.7, 5.0, 5.0, 6.9]
MLT	[9.7, 8.2, 5.5, 5.9, 7.3]
MMR	[10.0, 8.4, 5.0, 5.0, 7.1]
MNG	[10.0, 7.7, 5.0, 5.1, 6.9]
MNP	[9.3, 0.0, 5.0, 5.9, 5.0]
MOZ	[10.0, 3.5, 5.0, 5.0, 5.9]
MRT	[9.7, 7.8, 5.5, 5.8, 7.2]
MUS	[10.0, 9.7, 5.3, 5.3, 7.6]
MWI	[9.9, 4.5, 5.0, 5.1, 6.1]
MYS	[10.0, 9.6, 5.1, 5.1, 7.5]
NAM	[9.2, 0.8, 5.0, 5.9, 5.2]
NCL	[10.0, 10.0, 5.1, 5.1, 7.5]
NER	[10.0, 9.1, 5.0, 5.0, 7.3]
NGA	[9.9, 4.5, 5.0, 5.1, 6.1]
NIC	[9.8, 6.8, 5.0, 5.2, 6.7]
NLD	[7.2, 0.1, 5.0, 8.0, 5.1]
NOR	[10.0, 9.5, 6.8, 6.8, 8.3]
NPL	[9.8, 7.3, 5.2, 5.5, 6.9]
NZL	[10.0, 9.7, 5.3, 5.3, 7.6]
PAK	[9.9, 8.9, 5.5, 5.6, 7.5]
PAN	[4.1, 6.0, 5.1, 9.5, 6.2]
PER	[6.7, 7.0, 5.1, 8.4, 6.8]
PHL	[9.8, 7.3, 5.4, 5.7, 7.0]
PNG	[10.0, 1.5, 5.0, 5.0, 5.4]
POL	[9.7, 7.5, 5.2, 5.5, 7.0]
PRI	[4.9, 0.0, 5.0, 9.3, 4.8]
PRT	[8.7, 7.1, 6.3, 7.6, 7.4]
PRY	[9.7, 6.2, 5.0, 5.4, 6.6]
PST	[10.0, 4.3, 5.0, 5.0, 6.1]
PYF	[10.0, 10.0, 5.2, 5.2, 7.6]
QAT	[8.9, 9.7, 10.0, 10.0, 9.6]
RUS	[8.7, 7.5, 5.5, 7.0, 7.2]
RWA	[9.9, 5.4, 5.0, 5.1, 6.4]
SAU	[8.8, 8.4, 5.8, 7.2, 7.6]
SDN	[9.9, 5.2, 5.0, 5.1, 6.3]
SEN	[9.8, 6.7, 5.0, 5.3, 6.7]
SGP	[9.0, 8.9, 8.1, 8.7, 8.7]
SLE	[9.9, 7.5, 5.0, 5.1, 6.9]
SLV	[8.8, 5.1, 5.0, 6.4, 6.3]
SMR	[10.0, 9.4, 10.0, 10.0, 9.8]
SOM	[9.9, 4.9, 5.0, 5.2, 6.2]
STP	[9.6, 8.9, 7.2, 7.6, 8.3]
SUR	[9.0, 6.2, 5.0, 6.2, 6.6]
SVK	[9.9, 7.4, 5.1, 5.2, 6.9]
SVN	[9.9, 8.3, 5.5, 5.7, 7.3]
SWE	[3.2, 0.6, 5.0, 9.7, 4.6]
SWZ	[8.8, 4.4, 5.0, 6.5, 6.2]
SYC	[9.2, 3.4, 5.2, 6.1, 6.0]
SYR	[10.0, 3.1, 5.0, 5.0, 5.8]
TCA	[8.3, 3.6, 5.0, 7.0, 6.0]
TCD	[10.0, 8.7, 5.0, 5.0, 7.2]
TGO	[10.0, 6.9, 5.0, 5.0, 6.7]
THA	[10.0, 9.4, 5.0, 5.0, 7.4]
TJK	[9.9, 8.4, 5.1, 5.3, 7.1]
TTO	[10.0, 7.9, 5.1, 5.1, 7.0]
TUN	[10.0, 7.8, 5.1, 5.1, 7.0]
TUR	[9.9, 9.3, 6.0, 6.2, 7.9]
TZA	[10.0, 3.6, 5.0, 5.0, 5.9]
UGA	[10.0, 9.0, 5.0, 5.0, 7.2]
UKR	[9.3, 5.5, 5.0, 5.8, 6.4]
URY	[9.9, 7.9, 5.0, 5.1, 7.0]
USA	[3.3, 4.9, 5.0, 9.7, 5.7]
UZB	[9.7, 5.8, 5.0, 5.4, 6.5]
VCT	[9.9, 7.5, 5.1, 5.2, 6.9]
VEN	[9.7, 5.8, 5.0, 5.3, 6.5]
VGB	[10.0, 8.8, 5.1, 5.1, 7.3]
VIR	[6.9, 1.2, 5.0, 8.2, 5.3]
VNM	[10.0, 7.3, 5.0, 5.0, 6.8]
YEM	[10.0, 5.0, 5.0, 5.0, 6.2]
ZAF	[7.1, 6.4, 5.2, 8.2, 6.7]
ZMB	[9.9, 5.9, 5.0, 5.2, 6.5]
ZWE	[9.9, 3.0, 5.0, 5.2, 5.8]
