上海市	[10.0, 9.7, 5.0, 5.0, 7.4]
云南省	[10.0, 9.7, 5.0, 5.0, 7.4]
内蒙古自治区	[10.0, 9.5, 5.0, 5.0, 7.4]
北京市	[10.0, 9.8, 5.0, 5.0, 7.5]
台湾省	[10.0, 9.4, 5.0, 5.0, 7.4]
吉林省	[10.0, 9.7, 5.0, 5.0, 7.4]
四川省	[10.0, 9.9, 5.0, 5.0, 7.5]
天津市	[10.0, 9.5, 5.0, 5.0, 7.4]
宁夏回族自治区	[10.0, 10.0, 5.0, 5.0, 7.5]
安徽省	[10.0, 9.9, 5.0, 5.0, 7.5]
山东省	[10.0, 9.8, 5.0, 5.0, 7.5]
山西省	[10.0, 10.0, 5.0, 5.0, 7.5]
广东省	[10.0, 9.9, 5.0, 5.0, 7.5]
广西壮族自治区	[10.0, 9.9, 5.0, 5.0, 7.5]
新疆维吾尔自治区	[10.0, 1.3, 5.0, 5.0, 5.3]
江苏省	[10.0, 10.0, 5.0, 5.0, 7.5]
江西省	[10.0, 10.0, 5.0, 5.0, 7.5]
河北省	[10.0, 9.8, 5.0, 5.0, 7.5]
河南省	[10.0, 9.8, 5.0, 5.0, 7.5]
浙江省	[10.0, 10.0, 5.0, 5.0, 7.5]
海南省	[10.0, 9.6, 5.0, 5.0, 7.4]
湖北省	[10.0, 9.3, 6.1, 6.1, 7.9]
湖南省	[10.0, 10.0, 5.0, 5.0, 7.5]
澳门特别行政区	[10.0, 10.0, 5.1, 5.1, 7.5]
甘肃省	[10.0, 9.9, 5.0, 5.0, 7.5]
福建省	[10.0, 9.9, 5.0, 5.0, 7.5]
西藏自治区	[10.0, 10.0, 5.0, 5.0, 7.5]
贵州省	[10.0, 9.9, 5.0, 5.0, 7.5]
辽宁省	[10.0, 6.9, 5.0, 5.0, 6.7]
重庆市	[10.0, 9.9, 5.0, 5.0, 7.5]
陕西省	[10.0, 9.8, 5.0, 5.0, 7.5]
青海省	[10.0, 10.0, 5.0, 5.0, 7.5]
香港特别行政区	[9.8, 5.3, 5.0, 5.2, 6.3]
黑龙江省	[10.0, 9.9, 5.0, 5.0, 7.5]
